0	181.0	76.0
1	180.0	82.0
2	157.0	61.0
3	168.0	66.0
4	170.0	70.0
5	184.0	72.0
6	164.0	60.0
7	185.0	66.0
8	182.0	83.0
9	190.0	91.0
10	189.0	80.0
11	163.0	88.0
12	183.0	90.0
13	164.0	50.0
14	181.0	73.0
15	170.0	80.0
16	203.0	65.0
17	164.0	87.0
18	160.0	65.0
19	164.0	70.0
20	177.0	78.0
21	168.0	89.0
22	193.0	65.0
23	171.0	67.0
24	177.0	84.0
25	175.0	75.0
26	168.0	76.0
27	146.0	81.0
28	197.0	80.0
29	181.0	81.0
30	179.0	80.0
31	179.0	57.0
32	178.0	80.0
33	182.0	70.0
34	175.0	54.0
35	165.0	91.0
36	179.0	82.0
37	168.0	88.0
38	170.0	58.0
39	164.0	53.0
40	188.0	72.0
41	164.0	60.0
42	172.0	83.0
43	177.0	79.0
44	196.0	61.0
45	209.0	82.0
46	174.0	63.0
47	193.0	63.0
48	179.0	69.0
49	161.0	82.0
50	182.0	87.0
51	164.0	83.0
52	189.0	82.0
53	187.0	79.0
54	181.0	72.0
55	181.0	70.0
56	171.0	88.0
57	174.0	68.0
58	190.0	62.0
59	156.0	72.0
60	170.0	67.0
61	174.0	80.0
62	193.0	81.0
63	173.0	72.0
64	169.0	59.0
65	174.0	69.0
66	182.0	79.0
67	176.0	73.0
68	186.0	82.0
69	162.0	90.0
70	158.0	86.0
71	186.0	71.0
72	188.0	71.0
73	181.0	76.0
74	176.0	85.0
75	172.0	68.0
76	170.0	75.0
77	152.0	79.0
78	173.0	63.0
79	180.0	85.0
80	159.0	64.0
81	164.0	105.0
82	162.0	72.0
83	170.0	88.0
84	197.0	70.0
85	173.0	80.0
86	153.0	56.0
87	155.0	64.0
88	175.0	52.0
89	184.0	99.0
90	163.0	87.0
91	168.0	92.0
92	158.0	78.0
93	196.0	7.0
94	193.0	78.0
95	191.0	86.0
96	166.0	88.0
97	173.0	81.0
98	176.0	69.0
99	173.0	82.0
100	201.0	81.0
101	174.0	70.0
102	177.0	73.0
103	175.0	76.0
104	160.0	69.0
105	183.0	88.0
106	191.0	68.0
107	162.0	61.0
108	155.0	80.0
109	180.0	63.0
110	175.0	77.0
111	190.0	65.0
112	176.0	102.0
113	166.0	90.0
114	201.0	93.0
115	172.0	77.0
116	174.0	70.0
117	186.0	80.0
118	192.0	85.0
119	199.0	70.0


