 236375 5569 1 0
 235552 5742 1 1
 235339 5340 1 0
 234372 5978 1 1
 234689 6337 1 3
 231668 6673 1 1
 234885 6923 1 2
 233542 6959 1 0
 235012 6928 1 2
 235069 7552 1 2
 235670 8010 1 2
 237422 8393 1 1
 236335 9198 1 2
 237181 8017 1 2
 239212 6106 1 0
 237484 5457 1 0
 237494 5322 1 0
 236300 5461 1 0
 237515 5463 1 1
 238671 5407 1 0
 237945 5331 1 3
 236319 5197 1 0
 233937 5454 1 0
 234317 5258 1 0
 234314 5520 1 1
 234353 5518 1 2
 234440 5583 1 2
 235940 5399 1 1
 237731 5641 1 0
 235542 5462 1 0
# output of counter program. Parameters:
# time per bin: 60000.0 Milliseconds
# current date: Wed Oct  2 12:58:48 SGT 2013
# comment on this run: 
