 72 226 0 0
 80 224 0 0
 84 207 0 0
 94 213 0 0
 89 224 0 0
 85 236 0 0
 74 222 0 0
 85 243 0 0
 74 214 0 0
 91 203 0 0
 71 214 0 0
 85 209 0 0
 94 241 0 0
 76 229 0 0
 101 202 0 0
 79 220 0 0
 77 214 0 0
 79 200 0 0
 80 225 0 0
 84 210 0 0
 76 205 0 0
 93 207 0 0
 83 219 0 0
 96 206 0 0
 95 252 0 0
 88 220 0 0
 97 204 0 0
 86 233 0 0
 65 211 0 0
 103 198 0 0
 90 216 0 0
 79 214 0 0
 83 190 0 0
 92 223 0 0
 87 249 0 0
 85 221 0 0
 87 240 0 0
 80 226 0 0
 70 215 0 0
 75 235 0 0
 101 218 0 0
 89 213 0 0
 98 229 0 0
 83 229 0 0
 87 197 0 0
 92 238 0 0
 85 202 0 0
 62 212 0 0
 68 228 0 0
 84 231 0 0
 81 200 0 0
 76 222 0 0
 85 215 0 0
 101 208 0 0
 99 222 0 0
 75 230 0 0
 87 208 0 0
 100 218 0 0
 85 209 0 0
 76 208 0 0
 90 217 0 0
 83 208 0 0
 87 239 0 0
 78 223 0 0
 77 207 0 0
 78 220 0 0
 86 213 0 0
 84 218 0 0
 90 232 0 0
 73 207 0 0
 99 222 0 0
 71 220 0 0
 94 205 0 0
 79 218 0 0
 89 239 0 0
 89 192 0 0
 88 207 0 0
 94 222 0 0
 83 241 0 0
 80 216 0 0
 91 242 0 0
 81 212 0 0
 98 224 0 0
 86 201 0 0
 93 228 0 0
 101 248 0 0
 84 181 0 0
 87 224 0 0
 104 203 0 0
 69 210 0 0
 91 209 0 0
 76 233 0 0
 80 250 0 0
 92 212 0 0
 97 220 0 0
 77 232 0 0
 80 216 0 0
 97 203 0 0
 87 209 0 0
 89 220 0 0
 97 195 0 0
 79 223 0 0
 91 205 0 0
 90 218 0 0
 84 212 0 0
 91 235 0 0
 85 231 0 0
 85 223 0 0
 82 219 0 0
 90 211 0 0
 100 215 0 0
 74 198 0 0
 83 205 0 0
 77 207 0 0
 77 262 0 0
 90 207 0 0
 71 218 0 0
 81 234 0 0
 81 199 0 0
 95 215 0 0
 79 207 0 0
 79 204 0 0
 64 198 0 0
 90 217 0 0
 75 221 0 0
 89 203 0 0
 110 204 0 0
 82 227 0 0
 90 208 0 0
 82 235 0 0
 87 206 0 0
 89 198 0 0
 98 201 0 0
 98 200 0 0
 87 219 0 0
 72 249 0 0
 86 231 0 0
 87 218 0 0
 74 223 0 0
 90 192 0 0
 91 209 0 0
 83 194 0 0
 100 254 0 0
 85 231 0 0
 87 225 0 0
 72 230 0 0
 85 190 0 0
 87 220 0 0
 82 213 0 0
 81 226 0 0
 89 244 0 0
 94 236 0 0
 79 214 0 0
 79 234 0 0
 82 225 0 0
 67 222 0 0
 94 214 0 0
 84 244 0 0
 78 207 0 0
 81 201 0 0
 87 230 0 0
 90 202 0 0
 87 230 0 0
 82 207 0 0
 82 202 0 0
 80 215 0 0
 85 210 0 0
 87 224 0 0
 72 206 0 0
 97 222 0 0
 102 229 0 0
 72 250 0 0
 78 207 0 0
 95 228 0 0
 71 217 0 0
 90 202 0 0
 88 246 0 0
 86 233 0 0
 91 207 0 0
 87 203 0 0
 79 212 0 0
 68 210 0 0
 83 250 0 0
 88 220 0 0
 72 242 0 0
 83 191 0 0
 83 228 0 0
 103 227 0 0
 88 212 0 0
 84 211 0 0
 92 214 0 0
 65 211 0 0
 73 229 0 0
 101 204 0 0
 90 202 0 0
 92 201 0 0
 90 213 0 0
 93 221 0 0
 91 224 0 0
 97 194 0 0
 87 218 0 0
 106 219 0 0
 84 227 0 0
 82 223 0 0
 97 235 0 0
 87 210 0 0
 94 216 0 0
 81 239 0 0
 83 207 0 0
 92 221 0 0
 90 192 0 0
 91 220 0 0
 101 207 0 0
 92 204 0 0
 93 204 0 0
 78 206 0 0
 80 205 0 0
 92 220 0 0
 93 204 0 0
 71 201 0 0
 91 231 0 0
 81 214 0 0
 91 216 0 0
 99 203 0 0
 85 213 0 0
 92 219 0 0
 85 241 0 0
 93 239 0 0
 79 227 0 0
 101 194 0 0
 88 223 0 0
 75 234 0 0
 78 217 0 0
 84 213 0 0
 74 229 0 0
 81 215 0 0
 100 224 0 0
 74 238 0 0
 98 209 0 0
 103 207 0 0
 83 207 0 0
 79 261 0 0
 99 237 0 0
 82 215 0 0
 88 230 0 0
 85 231 0 0
 94 229 0 0
 101 236 0 0
 95 227 0 0
 114 199 0 0
 102 214 0 0
 79 201 0 0
 92 204 0 0
 92 237 0 0
 89 226 0 0
 93 209 0 0
 91 218 0 0
 71 237 0 0
 86 220 0 0
 75 224 0 0
 75 195 0 0
 75 216 0 0
 81 225 0 0
 83 208 0 0
 85 223 0 0
 103 208 0 0
 86 250 0 0
 79 224 0 0
 88 223 0 0
 92 230 0 0
 82 216 0 0
 84 224 0 0
 81 224 0 0
 101 217 0 0
 86 230 0 0
 97 217 0 0
 77 211 0 0
 87 210 0 0
 102 206 0 0
 93 212 0 0
 74 232 0 0
 84 202 0 0
 84 217 0 0
 93 228 0 0
 82 232 0 0
 75 231 0 0
 99 210 0 0
 75 204 0 0
 82 224 0 0
 91 225 0 0
 89 203 0 0
 90 219 0 0
 93 212 0 0
 87 205 0 0
 86 223 0 0
 115 234 0 0
 90 223 0 0
 92 219 0 0
 91 218 0 0
 62 210 0 0
 90 212 0 0
 102 214 0 0
 97 225 0 0
 87 219 0 0
 91 230 0 0
 85 225 0 0
 77 212 0 0
 82 246 0 0
 81 205 0 0
 88 208 0 0
 91 233 0 0
 78 221 0 0
 90 219 0 0
 87 217 0 0
 70 234 0 0
 74 223 0 0
 102 217 0 0
 79 210 0 0
 97 221 0 0
 99 238 0 0
 96 209 0 0
 84 201 0 0
 83 209 0 0
 87 201 0 0
 86 213 0 0
 92 226 0 0
 76 214 0 0
 92 207 0 0
 74 206 0 0
 111 225 0 0
 84 240 0 0
 80 192 0 0
 85 225 0 0
 82 201 0 0
 85 240 0 0
 82 211 0 0
 93 240 0 0
 76 232 0 0
 81 209 0 0
 101 213 0 0
 78 225 0 0
 80 228 0 0
 86 210 0 0
 70 210 0 0
 75 210 0 0
 90 216 0 0
 66 221 0 0
 90 219 0 0
 84 205 0 0
 88 208 0 0
 78 218 0 0
 74 242 0 0
 78 221 0 0
 95 240 0 0
 69 218 0 0
 79 211 0 0
 81 200 0 0
 103 216 0 0
 82 205 0 0
 92 230 0 0
 83 211 0 0
 94 211 0 0
 83 219 0 0
 97 215 0 0
 78 225 0 0
 88 215 0 0
 84 208 0 0
 73 219 0 0
 84 231 0 0
 93 227 0 0
 79 242 0 0
 78 207 0 0
 85 234 0 0
 99 212 0 0
 80 233 0 0
 108 216 0 0
 98 191 0 0
 79 229 0 0
 87 207 0 0
 88 196 0 0
 82 241 0 0
 102 216 0 0
 68 208 0 0
 72 212 0 0
 69 219 0 0
 84 218 0 0
 93 192 0 0
 78 216 0 0
 83 219 0 0
 93 233 0 0
 88 239 0 0
 80 208 0 0
 84 213 0 0
 75 234 0 0
 84 230 0 0
 90 228 0 0
 76 227 0 0
 88 176 0 0
 94 218 0 0
 85 217 0 0
 77 245 0 0
 82 221 0 0
 76 208 0 0
 83 231 0 0
 98 187 0 0
 102 236 0 0
 79 216 0 0
 104 224 0 0
 66 216 0 0
 80 203 0 0
 91 222 0 0
 85 222 0 0
 89 232 0 0
 84 230 0 0
 92 225 0 0
 80 217 0 0
 79 212 0 0
 103 236 0 0
 76 193 0 0
 82 236 0 0
 60 218 0 0
 88 206 0 0
 90 203 0 0
 87 229 0 0
 91 229 0 0
 87 211 0 0
 91 211 0 0
 91 219 0 0
 88 219 0 0
 73 227 0 0
 96 234 0 0
 83 233 0 0
 91 229 0 0
 69 230 0 0
 68 224 0 0
 71 219 0 0
 94 231 0 0
 85 204 0 0
 98 203 0 0
 85 223 0 0
 92 210 0 0
 94 225 0 0
 80 222 0 0
 80 211 0 0
 71 243 0 0
 77 209 0 0
 96 222 0 0
 96 242 0 0
 69 220 0 0
 74 228 0 0
 97 236 0 0
 84 230 0 0
 97 208 0 0
 94 237 0 0
 76 227 0 0
 64 231 0 0
 102 196 0 0
 91 234 0 0
 95 216 0 0
 77 230 0 0
 89 217 0 0
 101 215 0 0
 76 211 0 0
 94 214 0 0
 83 223 0 0
 73 217 0 0
 94 204 0 0
 88 238 0 0
 95 204 0 0
 86 225 0 0
 84 208 0 0
 77 177 0 0
 90 191 0 0
 77 238 0 0
 75 225 0 0
 70 208 0 0
 94 219 0 0
 85 213 0 0
 90 227 0 0
 93 221 0 0
 88 191 0 0
 90 232 0 0
 91 215 0 0
 71 197 0 0
 104 227 0 0
 87 239 0 0
 92 211 0 0
 90 232 0 0
 72 223 0 0
 95 195 0 0
 83 221 0 0
 91 191 0 0
 81 218 0 0
 84 228 0 0
 99 226 0 0
 85 210 0 0
 83 223 0 0
 80 227 0 0
 81 217 0 0
 84 209 0 0
 87 207 0 0
 91 190 0 0
 80 203 0 0
 82 226 0 0
 99 241 0 0
 84 221 0 0
 89 230 0 0
 68 229 0 0
 99 202 0 0
 82 233 0 0
 93 238 0 0
 90 206 0 0
 100 213 0 0
 84 212 0 0
 90 219 0 0
 97 210 0 0
 91 245 0 0
 83 205 0 0
 73 216 0 0
 87 211 0 0
 87 201 0 0
 94 191 0 0
 79 220 0 0
 93 221 0 0
 84 214 0 0
 73 246 0 0
 89 229 0 0
 81 223 0 0
 80 223 0 0
 74 238 0 0
 92 224 0 0
 83 203 0 0
 82 208 0 0
 81 225 0 0
 93 202 0 0
 85 210 0 0
 97 215 0 0
 82 223 0 0
 88 217 0 0
 90 201 0 0
 86 202 0 0
 95 245 0 0
 93 209 0 0
 86 211 0 0
 84 219 0 0
 85 217 0 0
 88 235 0 0
 81 221 0 0
 99 226 0 0
 93 207 0 0
 92 234 0 0
 71 223 0 0
 81 223 0 0
 89 196 0 0
 91 226 0 0
 106 222 0 0
 87 233 0 0
 66 260 0 0
 78 240 0 0
 81 227 0 0
 75 183 0 0
 61 220 0 0
 102 209 0 0
 74 199 0 0
 88 198 0 0
 89 227 0 0
 84 232 0 0
 89 217 0 0
 84 210 0 0
 83 216 0 0
 88 212 0 0
 72 216 0 0
 91 216 0 0
 89 224 0 0
 83 234 0 0
 98 205 0 0
 88 211 0 0
 67 235 0 0
 92 243 0 0
 89 223 0 0
 91 203 0 0
 82 192 0 0
 101 219 0 0
 90 217 0 0
 87 190 0 0
 91 211 0 0
 73 213 0 0
 89 216 0 0
 88 213 0 0
 95 202 0 0
 87 196 0 0
 79 219 0 0
 84 223 0 0
 99 218 0 0
 95 210 0 0
 90 237 0 0
 79 230 0 0
 89 210 0 0
 88 247 0 0
 86 200 0 0
 89 228 0 0
 87 218 0 0
 95 245 0 0
 71 220 0 0
 79 220 0 0
 86 213 0 0
 85 237 0 0
 87 220 0 0
 82 235 0 0
 99 208 0 0
 91 196 0 0
 89 218 0 0
 68 212 0 0
 83 200 0 0
 85 191 0 0
 102 216 0 0
 95 220 0 0
 108 223 0 0
 97 248 0 0
 113 226 0 0
 72 234 0 0
 92 225 0 0
 98 225 0 0
 91 212 0 0
 82 234 0 0
 82 235 0 0
 79 220 0 0
 90 205 0 0
 95 233 0 0
 74 237 0 0
 77 221 0 0
 91 242 0 0
 83 236 0 0
 79 213 0 0
 81 231 0 0
 99 224 0 0
 95 225 0 0
 90 223 0 0
 92 239 0 0
 77 238 0 0
 90 231 0 0
 79 179 0 0
 83 229 0 0
 98 232 0 0
 85 198 0 0
 102 228 0 0
 79 196 0 0
 74 225 0 0
 84 212 0 0
 82 208 0 0
 100 206 0 0
 77 209 0 0
 67 235 0 0
 72 218 0 0
 77 237 0 0
 87 249 0 0
 72 218 0 0
 72 214 0 0
 96 211 0 0
 91 221 0 0
 94 236 0 0
 89 202 0 0
 83 217 0 0
 87 230 0 0
 86 215 0 0
 82 215 0 0
 88 201 0 0
 89 210 0 0
 90 199 0 0
 81 198 0 0
 93 205 0 0
 77 213 0 0
 76 247 0 0
 85 188 0 0
 90 218 0 0
 90 241 0 0
 74 202 0 0
 80 231 0 0
 91 184 0 0
 85 230 0 0
 88 225 0 0
 101 245 0 0
 77 226 0 0
 79 221 0 0
 81 215 0 0
 80 214 0 0
 76 206 0 0
 82 206 0 0
 93 198 0 0
 80 212 0 0
 92 220 0 0
 90 223 0 0
 87 226 0 0
 78 218 0 0
 96 218 0 0
 90 219 0 0
 94 212 0 0
 99 211 0 0
 82 228 0 0
 84 198 0 0
 96 212 0 0
 96 223 0 0
 84 235 0 0
 86 244 0 0
 84 221 0 0
 74 231 0 0
 81 218 0 0
 81 201 0 0
 101 223 0 0
 83 219 0 0
 99 244 0 0
 89 212 0 0
 90 221 0 0
 80 193 0 0
 77 219 0 0
 96 227 0 0
 82 212 0 0
 71 215 0 0
 82 226 0 0
 79 206 0 0
 96 222 0 0
 74 222 0 0
 88 219 0 0
 76 224 0 0
 80 219 0 0
 95 221 0 0
 91 209 0 0
 82 220 0 0
 83 216 0 0
 89 211 0 0
 89 194 0 0
 95 228 0 0
 98 228 0 0
 77 251 0 0
 83 213 0 0
 78 232 0 0
 89 204 0 0
 77 205 0 0
 81 183 0 0
 87 218 0 0
 85 233 0 0
 90 231 0 0
 105 225 0 0
 86 220 0 0
 85 236 0 0
 83 220 0 0
 104 244 0 0
 94 238 0 0
 95 222 0 0
 91 215 0 0
 80 227 0 0
 98 205 0 0
 100 230 0 0
 62 193 0 0
 92 226 0 0
 93 218 0 0
 100 227 0 0
 85 193 0 0
 88 214 0 0
 85 241 0 0
 86 218 0 0
 96 206 0 0
 80 233 0 0
 88 201 0 0
 90 207 0 0
 72 207 0 0
 88 223 0 0
 87 208 0 0
 77 209 0 0
 77 233 0 0
 88 183 0 0
 82 239 0 0
 87 218 0 0
 83 221 0 0
 98 215 0 0
 87 219 0 0
 97 209 0 0
 83 232 0 0
 84 216 0 0
 87 210 0 0
 100 229 0 0
 97 212 0 0
 103 206 0 0
 87 216 0 0
 87 223 0 0
 71 220 0 0
 83 226 0 0
 75 221 0 0
 84 220 0 0
 92 223 0 0
 97 223 0 0
 107 231 0 0
 95 229 0 0
 83 219 0 0
 71 223 0 0
 90 244 0 0
 79 188 0 0
 85 210 0 0
 94 224 0 0
 82 210 0 0
 85 217 0 0
 78 225 0 0
 83 231 0 0
 77 234 0 0
 84 202 0 0
 70 205 0 0
 86 217 0 0
 80 207 0 0
 102 230 0 0
 88 232 0 0
 99 220 0 0
 88 217 0 0
 88 250 0 0
 97 229 0 0
 79 219 0 0
 89 201 0 0
 104 234 0 0
 92 204 0 0
 84 228 0 0
 84 232 0 0
 95 211 0 0
 79 210 0 0
 96 202 0 0
 82 211 0 0
 92 227 0 0
 95 182 0 0
 104 227 0 0
 107 226 0 0
 92 226 0 0
 89 203 0 0
 97 204 0 0
 79 226 0 0
 71 208 0 0
 90 213 0 0
 78 219 0 0
 83 221 0 0
 93 216 0 0
 83 230 0 0
 88 215 0 0
 82 233 0 0
 94 225 0 0
 101 249 0 0
 79 229 0 0
 60 224 0 0
 92 197 0 0
 80 225 0 0
 93 225 0 0
 91 204 0 0
 102 226 0 0
 91 217 0 0
 98 209 0 0
 97 227 0 0
 78 230 0 0
 78 200 0 0
 91 208 0 0
 91 225 0 0
 80 204 0 0
 87 189 0 0
 96 219 0 0
 89 203 0 0
 81 228 0 0
 96 213 0 0
 88 214 0 0
 88 223 0 0
 67 227 0 0
 101 229 0 0
 74 233 0 0
 96 225 0 0
 93 208 0 0
 93 195 0 0
 84 186 0 0
 75 230 0 0
 97 207 0 0
 85 216 0 0
 93 194 0 0
 77 238 0 0
 85 207 0 0
 77 226 0 0
 85 205 0 0
 88 229 0 0
 99 248 0 0
 78 217 0 0
 70 213 0 0
 74 232 0 0
 76 219 0 0
 79 230 0 0
 94 210 0 0
 96 197 0 0
 86 204 0 0
 91 246 0 0
 81 205 0 0
 69 208 0 0
 72 213 0 0
 85 232 0 0
 99 222 0 0
 86 219 0 0
 88 209 0 0
 79 220 0 0
 94 200 0 0
 83 191 0 0
 80 213 0 0
 88 212 0 0
 81 207 0 0
 89 208 0 0
 75 243 0 0
 102 206 0 0
 82 205 0 0
 104 209 0 0
 104 208 0 0
 78 231 0 0
 91 200 0 0
 79 241 0 0
 100 244 0 0
 76 241 0 0
 86 204 0 0
 86 200 0 0
 100 231 0 0
 93 221 0 0
 88 240 0 0
 85 238 0 0
 95 212 0 0
 60 227 0 0
 102 202 0 0
 88 198 0 0
 84 220 0 0
 88 205 0 0
 68 222 0 0
 78 221 0 0
 76 204 0 0
 74 245 0 0
 87 256 0 0
 92 216 0 0
 78 206 0 0
 86 211 0 0
 83 215 0 0
 80 206 0 0
 83 212 0 0
 72 229 0 0
 87 207 0 0
 84 211 0 0
 90 201 0 0
 92 197 0 0
 78 232 0 0
 95 209 0 0
 85 212 0 0
 86 221 0 0
 97 221 0 0
 100 199 0 0
 91 235 0 0
 72 202 0 0
 86 222 0 0
 90 230 0 0
 92 221 0 0
 57 212 0 0
 81 221 0 0
 85 227 0 0
 71 216 0 0
 88 219 0 0
 83 219 0 0
 85 232 0 0
 93 222 0 0
 86 235 0 0
 86 240 0 0
 103 214 0 0
 93 202 0 0
 90 191 0 0
 96 218 0 0
 77 221 0 0
 87 214 0 0
 89 222 0 0
 76 230 0 0
 81 230 0 0
 87 221 0 0
 69 203 0 0
 83 231 0 0
 93 237 0 0
 87 240 0 0
 99 218 0 0
 100 204 0 0
 86 230 0 0
 79 241 0 0
 83 243 0 0
 82 229 0 0
 75 232 0 0
 78 201 0 0
 85 199 0 0
 81 220 0 0
 72 220 0 0
 74 219 0 0
 75 219 0 0
 85 196 0 0
 80 210 0 0
 80 209 0 0
 100 208 0 0
 91 205 0 0
 86 207 0 0
 89 258 0 0
 93 194 0 0
 88 224 0 0
 91 204 0 0
# output of counter program. Parameters:
# time per bin: 1000.0 Milliseconds
# current date: Tue Mar 19 15:04:41 SGT 2013
# comment on this run: 
