1614.38333333	1
1639.15	0
1663.91666667	0
1688.68333333	0
1713.45	0
1738.21666667	0
1762.98333333	0
1787.75	0
1812.51666667	0
1837.28333333	0
1862.05	0
1886.81666667	0
1911.58333333	0
1936.35	0
1961.11666667	0
1985.88333333	0
2010.65	1
2035.41666667	0
2060.18333333	0
2084.95	0
2109.71666667	0
2134.48333333	0
2159.25	0
2184.01666667	0
2208.78333333	0
2233.55	1
2258.31666667	1
2283.08333333	0
2307.85	0
2332.61666667	0
2357.38333333	0
2382.15	0
2406.91666667	0
2431.68333333	0
2456.45	0
2481.21666667	0
2505.98333333	1
2530.75	2
2555.51666667	1
2580.28333333	6
2605.05	7
2629.81666667	20
2654.58333333	26
2679.35	43
2704.11666667	68
2728.88333333	85
2753.65	101
2778.41666667	89
2803.18333333	99
2827.95	114
2852.71666667	93
2877.48333333	82
2902.25	48
2927.01666667	52
2951.78333333	26
2976.55	16
3001.31666667	8
3026.08333333	5
3050.85	2
3075.61666667	2
