27.32288	38.89413	47.32349
27.30539	38.89038	47.30582
27.30067	38.89023	47.2937
27.28429	38.89032	47.31852
27.29515	38.89023	47.30134
27.33359	38.89023	47.2958
27.33359	38.89023	47.30029
27.33406	38.89023	47.31499
27.335	38.89014	47.28072
27.3117	38.89023	47.31308
27.31185	38.89023	47.30239
27.33406	38.89023	47.29723
27.33595	38.89023	47.30058
27.33485	38.89014	47.28568
27.33485	38.89023	47.28521
27.33186	38.89023	47.26239
27.335	38.89224	47.29809
27.31815	38.90125	47.25494
27.3109	38.93021	47.27041
27.33469	38.96686	47.26621
27.33422	38.98395	47.27385
27.33374	38.98547	47.2579
27.33548	38.98581	47.26497
27.33437	38.98581	47.27518
27.33359	38.98572	47.2495
27.33264	38.95462	47.2622
27.30666	38.89993	47.2643
27.32319	38.89038	47.2622
27.33327	38.89023	47.24979
27.33579	38.89023	47.27547
27.33532	38.89014	47.24807
27.29956	38.89014	47.25189
27.32839	38.89014	47.25962
27.33532	38.88956	47.25074
27.30901	38.88928	47.25485
27.31957	38.88846	47.2474
27.33343	38.88919	47.26745
27.33296	38.88995	47.24635
27.335	38.89014	47.23919
27.33374	38.89014	47.25857
27.3339	38.89023	47.24187
27.33642	38.89023	47.24464
27.33642	38.89032	47.26249
27.33359	38.89151	47.24578
27.33422	38.89172	47.24206
27.33469	38.89069	47.26812
27.33406	38.89023	47.24626
27.33374	38.88983	47.25456
27.33469	38.82162	47.26
27.33469	38.79443	47.26229
27.33453	38.79443	47.26124
27.33422	38.79465	47.26124
27.33532	38.77979	47.25666
27.33359	38.72647	47.28397
27.3339	38.70721	47.25638
27.33311	38.70581	47.28769
27.33611	38.7088	47.29255
27.33579	38.72934	47.29647
27.33327	38.76941	47.28778
27.33563	38.79117	47.30917
27.30807	38.79453	47.30859
27.31847	38.79465	47.28759
27.33453	38.79465	47.31957
27.33374	38.79465	47.29953
27.33453	38.79465	47.30277
27.33516	38.79465	47.3021
27.33706	38.79492	47.31785
27.33343	38.79773	47.28616
27.33532	38.80734	47.29465
27.3339	38.81305	47.30439
27.33453	38.80576	47.26707
27.33264	38.80276	47.29446
27.31075	38.80453	47.27919
27.31578	38.81509	47.27957
27.33437	38.83264	47.26669
27.33516	38.86816	47.29485
27.33611	38.88431	47.2728
27.33548	38.88947	47.2685
27.3328	38.89023	47.28606
27.33752	38.89014	47.28749
27.33469	38.89023	47.27766
27.33453	38.89014	47.27069
27.33516	38.88995	47.30582
27.33737	38.89023	47.29045
27.33437	38.89032	47.31671
27.33437	38.89023	47.31041
27.33453	38.89047	47.30143
27.33516	38.89023	47.30754
27.33673	38.89163	47.31823
27.33217	38.8978	47.31499
27.33311	38.91815	47.29771
27.33595	38.95499	47.32119
27.33706	38.97827	47.31547
27.33516	38.9837	47.30878
27.33689	38.98489	47.3148
27.33437	38.98557	47.32301
27.33437	38.98557	47.31718
27.33815	38.98572	47.3337
27.33847	38.98563	47.32988
27.33815	38.98572	47.32931
27.33516	38.98581	47.32415
27.33516	38.98581	47.33389
27.33847	38.98581	47.32921
27.33768	38.98581	47.32921
27.33878	38.98581	47.32377
27.33831	38.98593	47.32998
27.3391	38.98581	47.33456
27.33815	38.98581	47.31985
27.33878	38.98593	47.3359
27.3391	38.98788	47.33351
27.33894	38.99124	47.3273
27.33894	38.995	47.33484
27.33926	38.99573	47.32835
27.33878	38.99164	47.31671
27.33878	38.98837	47.33007
27.33926	38.98657	47.32597
27.33863	38.98602	47.32492
27.3391	38.98572	47.31795
27.33878	38.98593	47.31814
27.33926	38.98572	47.32568
27.3391	38.98538	47.30592
27.33926	38.98236	47.3211
27.33941	38.96713	47.29074
27.3391	38.94937	47.28969
27.33878	38.91974	47.298
27.33847	38.89703	47.29246
27.33878	38.89038	47.28387
27.33926	38.89023	47.28167
27.33894	38.89023	47.28807
27.33863	38.88983	47.26048
27.3391	38.87238	47.27346
27.3391	38.82443	47.2769
27.33926	38.79547	47.27031
27.33926	38.79474	47.25962
27.33894	38.79465	47.28692
27.3391	38.79474	47.26239
27.33894	38.79465	47.25494
27.33926	38.79453	47.27394
27.3391	38.79443	47.2558
27.33926	38.79453	47.26296
27.33941	38.79407	47.25198
27.33941	38.79388	47.27528
27.33894	38.79343	47.24979
27.33894	38.79398	47.26334
27.33926	38.79443	47.27432
27.33941	38.79434	47.24836
27.33894	38.79276	47.25886
27.33926	38.79144	47.25686
27.33926	38.78958	47.25141
27.33894	38.78958	47.24502
27.33926	38.79013	47.24502
27.33894	38.79163	47.24406
27.33926	38.78986	47.24483
27.33926	38.78827	47.24559
27.3391	38.78613	47.2411
27.33894	38.77408	47.24635
27.33926	38.74588	47.23213
27.33926	38.72375	47.23957
27.33926	38.71469	47.24043
27.33926	38.71393	47.23547
27.33926	38.71207	47.2369
27.33941	38.71011	47.24053
27.33926	38.70041	47.23509
27.33878	38.69901	47.23509
27.33926	38.63702	47.23413
27.33926	38.60349	47.23642
27.33926	38.55908	47.22726
27.33926	38.50812	47.23805
27.3391	38.5072	47.22908
27.33926	38.45291	47.22821
27.33926	38.41287	47.21915
27.3391	38.4126	47.21829
27.33926	38.39954	47.20483
27.3391	38.32413	47.19948
27.33863	38.31738	47.22039
27.3391	38.31729	47.18077
27.33894	38.31729	47.20969
27.3391	38.3172	47.18717
27.3391	38.31656	47.17943
27.3391	38.30154	47.16903
27.33926	38.26883	47.18621
27.33926	38.25958	47.16206
27.33941	38.24292	47.16168
27.33926	38.22632	47.17371
27.3391	38.22522	47.15691
27.33926	38.22763	47.15461
27.3391	38.23331	47.15041
27.33926	38.25049	47.16846
27.33894	38.26688	47.14516
27.33926	38.29138	47.14602
27.33926	38.30753	47.14746
27.33926	38.31479	47.14192
27.33894	38.3172	47.14125
27.33926	38.3172	47.14125
27.3391	38.31729	47.13676
27.33926	38.31729	47.11977
27.33926	38.3172	47.136
27.33926	38.31729	47.12235
27.33894	38.31711	47.11118
27.33894	38.31711	47.11118
27.33878	38.3172	47.11758
27.3391	38.31738	47.12846
27.33894	38.31729	47.10116
27.33926	38.31711	47.11911
27.3391	38.3172	47.12674
27.33926	38.31729	47.09772
27.33926	38.31729	47.09514
27.33926	38.31729	47.0876
27.33941	38.31729	47.07882
27.33926	38.3172	47.07624
27.33926	38.31543	47.09457
27.33941	38.27826	47.07013
27.33926	38.22653	47.06078
27.3391	38.22202	47.0813
27.33878	38.22195	47.05944
27.33894	38.22195	47.06803
27.33894	38.22177	47.05486
27.33894	38.22195	47.05247
27.3391	38.22195	47.04646
27.33926	38.22195	47.04703
27.3391	38.22186	47.05133
27.3391	38.22202	47.04455
27.33926	38.22186	47.04493
27.3391	38.22064	47.0413
27.33894	38.21838	47.03405
27.3391	38.20844	47.00894
27.33926	38.17535	47.03119
27.33894	38.13651	47.01066
27.33926	38.12717	46.9866
27.3391	38.12671	47.00379
27.3391	38.12662	46.98364
27.33894	38.12662	46.98212
27.33926	38.12662	46.97123
27.3391	38.1257	46.99042
27.33878	38.08966	46.96589
27.3391	38.03433	47.00083
27.33878	38.03143	46.97954
27.3391	38.03134	46.97534
27.33831	38.03015	46.97095
27.33894	38.00388	46.98708
27.33815	37.95184	46.97248
27.33831	37.93756	46.96312
27.33894	37.9361	46.99109
27.33847	37.93619	46.95901
27.33878	37.9361	46.97181
27.33863	37.9361	46.96408
27.33878	37.9361	46.97544
27.33831	37.9361	46.95921
27.33878	37.9361	46.9657
27.33847	37.936	46.98594
27.33894	37.93619	46.96007
27.33894	37.93619	46.9678
27.33926	37.93619	46.97123
27.33847	37.93591	46.97123
27.33831	37.93564	46.96914
27.33926	37.93228	46.95816
27.33863	37.91327	46.98278
27.33863	37.86182	46.96627
27.33863	37.84113	46.96188
27.33894	37.84088	46.97372
27.33847	37.84079	46.96589
27.33863	37.81927	46.96598
27.33863	37.74884	46.9573
27.3391	37.7457	46.98145
27.33878	37.70529	46.95634
27.33878	37.65079	46.96589
27.33863	37.65042	46.97792
27.33831	37.65051	46.95911
27.338	37.65036	46.96054
27.33847	37.65042	46.97161
27.338	37.65018	46.95768
27.33863	37.65027	46.95634
27.33878	37.64978	46.9761
27.33863	37.64764	46.95539
27.33815	37.63965	46.95854
27.33847	37.6362	46.95968
27.33831	37.6366	46.96761
27.33579	37.64224	46.94746
27.33579	37.64291	46.94737
27.33721	37.64301	46.96694
27.33815	37.64087	46.95539
27.33469	37.63724	46.95558
27.33626	37.63574	46.95987
27.33642	37.62552	46.96322
27.33469	37.60468	46.953
27.33469	37.57465	46.9509
27.33673	37.55734	46.95157
27.33847	37.55557	46.95195
27.33563	37.5553	46.95358
27.33815	37.5553	46.95453
27.33469	37.55539	46.94775
27.33784	37.5553	46.95157
27.33437	37.55438	46.95778
27.33548	37.53607	46.94661
27.33437	37.48123	46.94794
27.335	37.46078	46.94976
27.33406	37.46021	46.94699
27.33548	37.4603	46.94794
27.3339	37.4603	46.95033
27.33374	37.45325	46.94746
27.33469	37.40259	46.94622
27.33264	37.36838	46.94632
27.31421	37.36533	46.94212
27.28681	37.36523	46.94307
27.32555	37.36523	46.9426
27.32555	37.36523	46.94317
27.3265	37.36505	46.94317
27.30445	37.35809	46.9362
27.30082	37.29529	46.94145
27.28208	37.27094	46.93725
27.2846	37.2702	46.91501
27.28177	37.26489	46.9362
27.2794	37.19757	46.92198
27.32272	37.1752	46.92503
27.32476	37.17538	46.91653
27.28586	37.17511	46.91911
27.28019	37.14539	46.92255
27.27972	37.08365	46.90327
27.28145	37.0802	46.93649
27.28492	37.0802	46.91883
27.28318	37.0802	46.92064
27.28177	37.08011	46.91949
27.28303	37.07248	46.92589
27.28633	37.03351	46.90432
27.28161	36.99649	46.92007
27.24522	36.98544	46.92513
27.27956	36.98514	46.90881
27.2835	36.98523	46.92837
27.27783	36.98489	46.92026
27.27987	36.97632	46.93286
27.27909	36.94183	46.91319
27.23987	36.90579	46.93267
27.28507	36.89429	46.92456
27.25278	36.89105	46.90881
27.23373	36.8905	46.92923
27.23199	36.8905	46.92274
27.23467	36.89041	46.91482
27.26979	36.89041	46.93066
27.23908	36.89032	46.9404
27.24223	36.89032	46.92656
27.26129	36.89023	46.94441
27.22963	36.89032	46.94078
27.23215	36.89032	46.9403
27.25058	36.89041	46.94584
27.26129	36.89023	46.94613
27.23089	36.89032	46.94603
27.23373	36.89041	46.94622
27.23294	36.88983	46.95415
27.25137	36.88687	46.95129
27.25357	36.87405	46.96016
27.2331	36.82584	46.95892
27.23388	36.79651	46.96952
27.23184	36.7955	46.96293
27.23184	36.79541	46.96102
27.23278	36.79541	46.98278
27.2364	36.79541	46.98278
27.18726	36.79541	46.95634
27.2353	36.79541	46.97343
27.23121	36.79523	46.97334
27.23703	36.79541	46.97209
27.23373	36.79391	46.96198
27.23215	36.78104	46.9889
27.23325	36.75198	46.97372
27.23026	36.71414	46.96436
27.22538	36.70099	46.98393
27.17986	36.70053	46.96474
27.20285	36.70053	46.97362
27.19687	36.70053	46.96217
27.18427	36.69989	46.98431
27.21498	36.66324	46.96217
27.18127	36.60907	46.97104
27.18096	36.60565	46.9866
27.1797	36.60565	46.9594
27.1923	36.60547	46.9699
27.23247	36.55801	46.97763
27.23609	36.51089	46.9824
27.229	36.51089	46.96102
27.229	36.51053	46.99176
27.23057	36.49802	46.97677
27.23656	36.43878	46.98021
27.23561	36.41794	46.98546
27.17954	36.4162	46.98202
27.18033	36.41602	46.9804
27.18064	36.41602	46.96579
27.18143	36.41602	47.00226
27.22396	36.41602	46.96465
27.20002	36.41516	46.98402
27.2027	36.40384	46.99176
27.22065	36.36133	46.97324
27.18993	36.33261	46.96274
27.21325	36.32187	46.98641
27.20726	36.3212	46.97372
27.2331	36.3212	46.9594
27.1893	36.31851	46.98374
27.23561	36.27228	46.96045
27.23325	36.23135	46.97248
27.2353	36.22699	46.9637
27.22979	36.22641	46.97906
27.23451	36.22641	46.96274
27.22805	36.22659	46.96455
27.23451	36.22641	46.97983
27.18789	36.22641	46.9572
27.23499	36.22641	46.96579
27.2353	36.22568	46.97057
27.23373	36.21725	46.96732
27.23373	36.18454	46.95272
27.23325	36.18454	46.9784
27.23073	36.14734	46.9784
27.23199	36.13333	46.95825
27.19545	36.13177	46.95835
27.22695	36.13168	46.96293
27.2353	36.13168	46.96169
27.23215	36.13168	46.96064
27.2353	36.13177	46.95176
27.22868	36.1301	46.97391
27.22018	36.08582	46.95186
27.20112	36.04333	46.95558
27.23625	36.03702	46.97419
27.23357	36.03693	46.95539
27.19041	36.03683	46.95234
27.23184	36.03693	46.96675
27.23545	36.03702	46.95653
27.23089	36.03543	46.94641
27.18001	36.00711	46.9468
27.18348	35.95636	46.94651
27.18048	35.94229	46.94632
27.21766	35.9422	46.94622
27.22317	35.9422	46.94689
27.19718	35.94128	46.94546
27.23561	35.90054	46.94594
27.19561	35.84805	46.94613
27.18017	35.84583	46.94575
27.18112	35.76578	46.94622
27.18143	35.75281	46.94107
27.18159	35.73404	46.94078
27.18048	35.66397	46.94537
27.18112	35.65814	46.93916
27.18127	35.65805	46.93525
27.18081	35.65823	46.92322
27.18127	35.65546	46.93992
27.19372	35.59061	46.93324
27.20301	35.56357	46.92875
27.18081	35.51407	46.9277
27.18253	35.46884	46.93935
27.23262	35.45041	46.91634
27.20947	35.37894	46.93849
27.18081	35.37421	46.93038
27.18143	35.37411	46.92856
27.18206	35.37411	46.9342
27.18222	35.3743	46.93305
27.18143	35.37311	46.93859
27.17907	35.36856	46.9151
27.18112	35.36182	46.93973
27.18033	35.35791	46.93238
27.18017	35.35718	46.92656
27.1786	35.35748	46.92952
27.18112	35.35129	46.93382
27.18112	35.33945	46.91673
27.18001	35.33194	46.92131
27.18001	35.32288	46.93467
27.18081	35.30051	46.90088
27.1786	35.30051	46.90088
27.17844	35.28571	46.93124
27.1786	35.28198	46.92074
27.1786	35.28088	46.92122
27.17891	35.28116	46.91845
27.18048	35.28043	46.93859
27.18017	35.27988	46.92952
27.17875	35.27979	46.92723
27.18127	35.27969	46.94174
27.17812	35.27969	46.92685
27.18033	35.2796	46.92704
27.17907	35.2796	46.92894
27.17844	35.2796	46.93066
27.17907	35.27948	46.91233
27.17986	35.2796	46.91596
27.17923	35.2796	46.92045
27.17844	35.2796	46.8752
27.17891	35.27948	46.89219
27.17891	35.27893	46.88589
27.17907	35.24326	46.87931
27.18112	35.18961	46.86232
27.18001	35.18509	46.89009
27.17828	35.185	46.86718
27.17812	35.185	46.86938
27.17828	35.18491	46.87921
27.17844	35.18469	46.86861
27.1797	35.18396	46.87177
27.17891	35.17676	46.8522
27.17828	35.16003	46.88417
27.17938	35.12701	46.85964
27.17923	35.09549	46.86795
27.17828	35.09149	46.86871
27.17891	35.09048	46.85773
27.17844	35.09048	46.85744
27.17812	35.09048	46.8562
27.17844	35.09039	46.85191
27.17844	35.09058	46.85143
27.1786	35.09058	46.85611
27.18064	35.09058	46.84962
27.17812	35.0903	46.85382
27.17844	35.09039	46.8522
27.1786	35.09039	46.85497
27.17844	35.09039	46.84819
27.17828	35.09039	46.84838
27.17891	35.08911	46.84981
27.17875	35.06137	46.85153
27.18001	35.00745	46.85029
27.1786	34.99609	46.85392
27.1786	34.99591	46.84895
27.17828	34.99573	46.848
27.17875	34.99582	46.85
27.1786	34.98712	46.84847
27.1786	34.91965	46.8354
27.17828	34.91965	46.84847
27.17844	34.90134	46.84847
27.17812	34.90125	46.83883
27.17828	34.89117	46.83148
27.17844	34.82111	46.84828
27.17812	34.80676	46.83578
27.17828	34.80667	46.81974
27.17812	34.80676	46.82976
27.17844	34.80658	46.82193
27.17891	34.80649	46.80408
27.17828	34.80658	46.81735
27.17844	34.80566	46.79186
27.17844	34.80121	46.79158
27.17844	34.79236	46.76819
27.17812	34.76932	46.79425
27.17828	34.74399	46.76685
27.17844	34.72644	46.77573
27.1786	34.71921	46.77688
27.17812	34.71378	46.77497
27.17828	34.7121	46.77306
27.17828	34.71219	46.76227
27.17828	34.7121	46.78289
27.17828	34.7121	46.75941
27.17828	34.7121	46.76962
27.17844	34.71219	46.77478
27.17812	34.7121	46.7681
27.17812	34.7121	46.75922
27.17844	34.7121	46.77516
27.17828	34.71219	46.76733
27.17812	34.71231	46.75196
27.17844	34.71204	46.7658
27.17828	34.71219	46.75244
27.17828	34.7121	46.75024
27.17828	34.71204	46.75091
27.17828	34.71204	46.75091
27.17812	34.71204	46.74738
27.17844	34.71185	46.74891
27.17812	34.711	46.74948
27.17828	34.70721	46.74633
27.17828	34.68457	46.74977
27.17828	34.63486	46.74671
27.17828	34.61746	46.75082
27.17812	34.60953	46.74232
27.17828	34.5282	46.74432
27.17812	34.52237	46.7343
27.17797	34.44623	46.72552
27.17891	34.42822	46.74146
27.17812	34.3627	46.72724
27.17812	34.33405	46.71864
27.17828	34.33405	46.70032
27.17844	34.33386	46.70032
27.17812	34.33359	46.70538
27.17812	34.31973	46.67111
27.17812	34.26291	46.68438
27.17812	34.23941	46.68409
27.17828	34.2395	46.67082
27.17797	34.2395	46.65994
27.17812	34.21957	46.65975
27.17844	34.15469	46.65545
27.1786	34.1449	46.65784
27.17812	34.1449	46.6545
27.17812	34.14481	46.65115
27.17797	34.12521	46.63703
27.17828	34.05563	46.63512
27.17844	34.05038	46.64142
27.17812	34.0502	46.62051
27.17812	34.02173	46.62548
27.17828	33.9614	46.63865
27.17812	33.95575	46.59302
27.17812	33.95596	46.62595
27.17812	33.95587	46.61488
27.17812	33.95587	46.60362
27.17812	33.95483	46.60524
27.17844	33.92963	46.62672
27.17812	33.87033	46.60619
27.17812	33.86151	46.61182
27.17812	33.86127	46.64085
27.17828	33.86127	46.62901
27.17828	33.86133	46.63407
27.17812	33.86133	46.644
27.17828	33.86133	46.65335
27.17812	33.86133	46.64705
27.17812	33.86133	46.65469
27.17812	33.86127	46.66347
27.17812	33.85931	46.66003
27.17797	33.85248	46.66471
27.17828	33.83844	46.67187
27.17812	33.84711	46.66901
27.17797	33.85522	46.66194
27.17812	33.85672	46.69306
27.17812	33.85977	46.67197
27.17812	33.86118	46.68781
27.17812	33.86105	46.70127
27.17828	33.86127	46.70729
27.17812	33.86133	46.70872
27.17812	33.86133	46.71989
27.17812	33.86133	46.74165
27.17812	33.8606	46.7408
27.17812	33.8606	46.75043
27.17812	33.8436	46.75043
27.17812	33.80145	46.7574
27.17812	33.77939	46.7658
27.17797	33.77145	46.76342
27.17812	33.76813	46.78785
27.17812	33.76691	46.77774
27.17812	33.76682	46.7764
27.17797	33.76682	46.81611
27.17812	33.76663	46.7869
27.17812	33.76331	46.80914
27.17812	33.7283	46.82652
27.17812	33.68637	46.83874
27.17812	33.67636	46.81592
27.17812	33.67258	46.84188
27.17812	33.67276	46.85124
27.17812	33.67239	46.85105
27.17781	33.6723	46.86203
27.17812	33.6723	46.87262
27.17797	33.6723	46.86957
27.17812	33.67221	46.8606
27.17797	33.6723	46.88923
27.17812	33.6723	46.87501
27.17797	33.6723	46.89649
27.17828	33.67212	46.92456
27.17812	33.67047	46.94384
27.17844	33.64679	46.94603
27.17797	33.59952	46.94746
27.17812	33.57944	46.97582
27.17797	33.5777	46.95586
27.17797	33.57779	46.9719
27.17812	33.57779	46.99233
27.17797	33.57724	46.97229
27.17812	33.52197	47.00961
27.17812	33.48438	47.02393
27.17812	33.48337	47.03338
27.17812	33.48328	47.04255
27.17812	33.47699	47.0435
27.17812	33.41324	47.04312
27.17797	33.3895	47.04417
27.17828	33.38873	47.04436
27.17797	33.38873	47.05285
27.17812	33.38873	47.05133
27.17812	33.38873	47.05419
27.17812	33.38873	47.07624
27.17812	33.38873	47.05534
27.17812	33.38873	47.07042
27.17797	33.38873	47.07156
27.17812	33.38882	47.0686
27.17828	33.38873	47.05734
27.17797	33.38873	47.08636
27.17797	33.38867	47.08951
27.17812	33.38867	47.08693
27.17812	33.38284	47.08693
27.17812	33.34857	47.12894
27.17797	33.31195	47.11672
27.17812	33.29654	47.12006
27.17797	33.29431	47.13886
27.17812	33.29422	47.1359
27.17797	33.2944	47.14049
27.17812	33.29413	47.14154
27.17828	33.29422	47.14392
27.17812	33.29422	47.14803
27.17812	33.29431	47.15395
27.17812	33.29422	47.16721
27.17812	33.29431	47.16645
27.17812	33.29422	47.15672
27.17828	33.29431	47.2012
27.17797	33.29422	47.18144
27.17828	33.2944	47.20626
27.17812	33.29422	47.22717
27.17812	33.29422	47.23499
27.17812	33.29459	47.22908
27.17812	33.29504	47.23652
27.17797	33.29803	47.23919
27.17828	33.31085	47.2391
27.17812	33.33319	47.23919
27.17812	33.35077	47.24702
27.17812	33.3638	47.24464
27.17844	33.36935	47.24626
27.17828	33.36102	47.27308
27.17828	33.33054	47.26468
27.17812	33.30023	47.25409
27.17812	33.29431	47.29303
27.17828	33.29422	47.26382
27.17812	33.29413	47.30497
27.17828	33.29422	47.31155
27.17828	33.29431	47.3294
27.17812	33.29422	47.32568
27.17812	33.29422	47.33379
27.17812	33.29422	47.33188
27.17812	33.29422	47.33666
27.17812	33.29422	47.33685
27.17812	33.29422	47.34067
27.17812	33.29422	47.33799
27.17812	33.29422	47.33733
27.17797	33.29422	47.36654
27.17844	33.29413	47.34163
27.17828	33.29413	47.35623
27.17812	33.27768	47.36081
27.17812	33.20819	47.35918
27.17812	33.19968	47.36129
27.17781	33.19968	47.35709
27.17812	33.19666	47.3926
27.17812	33.14969	47.37064
27.17812	33.10822	47.40023
27.17812	33.10526	47.40071
27.17812	33.10516	47.39326
27.17812	33.10516	47.41121
27.17828	33.10516	47.41121
27.17812	33.10516	47.42353
27.17828	33.10507	47.43202
27.17812	33.10144	47.42506
27.17812	33.08185	47.43479
27.17812	33.05478	47.43604
27.17828	33.03308	47.43613
27.17812	33.02042	47.43651
27.17812	33.01312	47.44329
27.17812	33.01181	47.43708
27.17828	33.01099	47.44224
27.17812	33.01071	47.4641
27.17812	33.0108	47.4409
27.17812	33.01071	47.45742
27.17828	33.0108	47.46152
27.17797	33.01062	47.46429
27.17828	33.01071	47.46916
27.17781	33.01062	47.49675
27.17828	33.01071	47.48825
27.17797	33.01071	47.48004
27.17828	33.01062	47.52032
27.17812	33.01071	47.51078
27.17828	33.01062	47.51603
27.17812	33.01053	47.52185
27.17812	32.98779	47.52605
27.17828	32.92206	47.5124
27.17812	32.91635	47.52882
27.17812	32.91617	47.52825
27.17797	32.91617	47.5209
27.17812	32.91608	47.52071
27.17844	32.91589	47.50476
27.17812	32.91571	47.52901
27.17844	32.90979	47.50486
27.17828	32.86682	47.52414
27.17797	32.82605	47.49159
27.17828	32.8215	47.49903
27.17797	32.8215	47.50696
27.17828	32.8215	47.50123
27.17812	32.82135	47.48577
27.17844	32.82126	47.48978
27.17875	32.77826	47.5018
27.17828	32.72751	47.4514
27.17812	32.72687	47.46792
27.17844	32.72687	47.46696
27.17844	32.7265	47.45913
27.17812	32.71161	47.44338
27.17828	32.66235	47.47202
27.17844	32.63654	47.44825
27.17812	32.63257	47.43947
27.17828	32.63248	47.45198
27.17812	32.63239	47.43919
27.1797	32.63239	47.4367
27.1797	32.63229	47.43498
27.17954	32.63229	47.43498
27.1786	32.63229	47.43718
27.17844	32.63239	47.43116
27.17875	32.63248	47.43327
27.17812	32.63229	47.42725
27.17844	32.63229	47.40864
27.17812	32.63248	47.40367
27.17844	32.63248	47.4009
27.17844	32.63248	47.39995
27.1786	32.63239	47.36549
27.18033	32.63239	47.39995
27.18064	32.63239	47.3674
27.17907	32.63239	47.36568
27.17844	32.63239	47.36759
27.18048	32.63239	47.36272
27.18001	32.63229	47.35909
27.18001	32.6322	47.3441
27.17875	32.62573	47.35833
27.18143	32.57065	47.34143
27.18096	32.5379	47.34172
27.18238	32.5379	47.34334
27.18112	32.53781	47.33742
27.18048	32.53781	47.33704
27.17954	32.53622	47.33637
27.18096	32.48178	47.33685
27.18127	32.44397	47.33207
27.18285	32.44324	47.3359
27.18081	32.44324	47.32912
27.18253	32.44312	47.31642
27.18064	32.44156	47.31957
27.18127	32.42307	47.32616
27.1819	32.38913	47.30678
27.17923	32.36472	47.30172
27.18096	32.35425	47.3169
27.18159	32.34982	47.26945
27.19687	32.34872	47.29599
27.23247	32.34863	47.27776
27.19592	32.34851	47.27175
27.18521	32.34845	47.25552
27.21813	32.34845	47.28033
27.20758	32.34039	47.25657
27.23057	32.29776	47.25466
27.23231	32.2652	47.2663
27.23404	32.25604	47.25571
27.2342	32.2543	47.25485
27.19718	32.254	47.24435
27.22349	32.25391	47.24902
27.2342	32.254	47.24435
27.23042	32.254	47.24158
27.23042	32.254	47.24043
27.23325	32.25409	47.22554
27.23357	32.25409	47.22554
27.23561	32.254	47.2326
27.23703	32.254	47.21371
27.23247	32.25409	47.20874
27.23231	32.254	47.16559
27.23483	32.25391	47.1906
27.23373	32.25391	47.15404
27.23545	32.254	47.16464
27.23483	32.25372	47.1548
27.23577	32.25409	47.15863
27.23499	32.25391	47.14917
27.20568	32.25385	47.14211
27.18159	32.25391	47.14201
27.22632	32.25363	47.14154
27.21419	32.2529	47.14154
27.18033	32.23969	47.14154
27.21876	32.18161	47.14144
27.19009	32.15967	47.14077
27.21388	32.15939	47.13686
27.20459	32.15793	47.13142
27.19687	32.10611	47.1193
27.18064	32.06503	47.1297
27.18127	32.06476	47.09562
27.18159	32.06476	47.10603
27.18033	32.06476	47.09094
27.18064	32.06454	47.09123
27.18096	32.01544	47.06039
27.18081	31.97028	47.06994
27.18127	31.96277	47.0792
27.18017	31.88062	47.05342
27.19498	31.87543	47.06183
27.23404	31.82324	47.06078
27.20112	31.78076	47.04522
27.18001	31.78076	47.04502
27.18064	31.77502	47.04379
27.18096	31.72195	47.04379
27.17923	31.69107	47.03157
27.18112	31.68661	47.04063
27.18017	31.68616	47.03815
27.18096	31.68616	47.03462
27.1797	31.68604	47.0351
27.18033	31.68588	47.04178
27.17907	31.65588	47.00331
27.17923	31.60034	47.02622
27.17844	31.59198	47.01104
27.17828	31.59171	47.00799
27.17828	31.59134	47.0055
27.17828	31.59143	47.0057
27.17812	31.59143	47.00331
27.17828	31.59134	46.98536
27.17828	31.59134	47.0203
27.17844	31.59134	46.98011
27.17828	31.59152	46.98011
27.17812	31.59161	46.99224
27.1786	31.59189	46.97601
27.17844	31.59338	46.98613
27.17828	31.59766	46.97085
27.17828	31.60422	46.97324
27.17844	31.61282	46.99386
27.18064	31.62134	46.97276
27.17828	31.6394	46.98202
27.17844	31.65671	46.97868
27.17812	31.67596	46.97868
27.17844	31.68271	46.96494
27.1786	31.68515	46.99128
27.17828	31.68561	46.96818
27.17828	31.68597	46.9656
27.17812	31.68597	46.98231
27.17812	31.68588	46.9719
27.17797	31.68597	46.97687
27.17844	31.68588	46.96236
27.17828	31.68604	46.99367
27.17812	31.68604	46.96064
27.1786	31.68604	46.97849
27.1786	31.68604	46.98727
27.1786	31.68503	46.96522
27.17828	31.68033	46.972
27.17875	31.6691	46.98011
27.17907	31.63837	46.97486
27.17828	31.6105	46.95968
27.17828	31.59644	46.98794
27.17828	31.5921	46.95978
27.17812	31.59134	46.97057
27.17844	31.59143	46.96799
27.17812	31.59134	46.97391
27.17828	31.59134	46.9657
27.17828	31.59134	46.96102
27.17812	31.58942	46.9824
27.17844	31.55466	46.95806
27.17828	31.50626	46.96389
27.17828	31.49756	46.97142
27.17875	31.4968	46.96283
27.17812	31.49661	46.95434
27.17812	31.4967	46.97582
27.17812	31.49661	46.9614
27.17844	31.49661	46.95491
27.17828	31.49661	46.97467
27.17812	31.49661	46.95653
27.17812	31.49661	46.96322
27.17828	31.49661	46.94814
27.17828	31.49661	46.97553
27.17828	31.49661	46.97553
27.17844	31.49634	46.94718
27.17812	31.46298	46.95615
27.17828	31.40482	46.97505
27.17812	31.40186	46.95539
27.17828	31.40186	46.96264
27.17828	31.40186	46.96818
27.1786	31.40186	46.96226
27.17828	31.40186	46.95854
27.17828	31.40176	46.97639
27.17812	31.40121	46.9593
27.17828	31.39557	46.96598
27.17812	31.37869	46.97391
27.17812	31.35379	46.9698
27.17812	31.32709	46.97057
27.17828	31.30997	46.95892
27.17812	31.30746	46.98632
27.17812	31.30701	46.96093
27.1786	31.3071	46.97305
27.17828	31.3071	46.98231
27.17844	31.3071	46.97238
27.17812	31.30688	46.97229
27.17812	31.30719	46.98918
27.17828	31.3071	46.99558
27.17828	31.3071	46.98183
27.17828	31.30673	47.02441
27.17828	31.30652	47.00856
27.17812	31.30652	47.01658
27.17844	31.3056	47.03061
27.17812	31.30347	47.03796
27.17812	31.30069	47.01935
27.17844	31.29727	47.03596
27.17844	31.29141	47.04464
27.17844	31.29114	47.04379
27.17812	31.29486	47.04464
27.17844	31.29773	47.05085
27.17812	31.30115	47.05619
27.17781	31.30328	47.05056
27.17844	31.3046	47.07452
27.17844	31.3056	47.06479
27.17828	31.3056	47.06316
27.1786	31.30646	47.08111
27.1786	31.30536	47.06927
27.17844	31.29477	47.07863
27.17828	31.26733	47.09304
27.17812	31.24371	47.11567
27.17812	31.22479	47.09657
27.17828	31.21426	47.12703
27.17812	31.21259	47.13438
27.17828	31.21231	47.13886
27.1786	31.21222	47.14049
27.1786	31.21231	47.14135
27.17844	31.21231	47.14135
27.17812	31.21164	47.14144
27.17828	31.2049	47.14154
27.17812	31.19489	47.15184
27.17828	31.16403	47.14784
27.17828	31.12146	47.15633
27.17828	31.11758	47.15977
27.17812	31.11749	47.16817
27.17812	31.11749	47.16731
27.17828	31.09821	47.18344
27.17828	31.02554	47.19748
27.17844	31.02255	47.17857
27.17812	31.00403	47.2244
27.17812	30.93021	47.22468
27.17812	30.92761	47.23843
27.17828	30.90027	47.23614
27.17828	30.83429	47.2391
27.17828	30.83282	47.24426
27.17812	30.83273	47.23929
27.17812	30.83191	47.26688
27.17812	30.82614	47.25046
27.17828	30.81863	47.26115
